[0.675, 0.4444444, 86.8074188, 0.8197995]
[0.74375, 0.4444444, 82.3911057, -0.1289927]
[0.8125, 0.4388889, 70.2393875, -0.4079238]
[0.88125, 0.4222222, 40.6794128, -0.9943975]
[0.921875, 0.35, 12.5809555, -0.958713]
[0.85625, 0.2944444, 4.0144958, -0.3068534]
line_type 1
[0.496875, 0.7944444, 4.905365, 0.0]
[0.50625, 0.6722223, 16.6738586, 0.3922831]
[0.540625, 0.55, 37.8693924, 0.7152352]
[0.60625, 0.4722222, 61.5581894, 0.8055207]
[0.675, 0.4444444, 87.8589096, 0.8945912]
[0.74375, 0.4444444, 82.3911057, -0.1623803]
[0.8125, 0.4388889, 70.2393875, -0.4086658]
[0.88125, 0.4222222, 40.769249, -0.9914194]
[0.921875, 0.35, 12.4622955, -0.9655967]
[0.85625, 0.2944444, 4.0144958, -0.303051]
line_type 1
[0.496875, 0.7944444, 4.905365, 0.0]
[0.50625, 0.6722223, 16.6738586, 0.3922831]
[0.540625, 0.55, 37.8693924, 0.7152352]
[0.60625, 0.4722222, 61.5581894, 0.8055207]
[0.675, 0.4444444, 87.8589096, 0.8945912]
[0.74375, 0.4444444, 82.3911057, -0.1623803]
[0.8125, 0.4388889, 70.2393875, -0.4086658]
[0.88125, 0.4222222, 40.769249, -0.9914194]
[0.921875, 0.35, 12.4622955, -0.9655967]
[0.85625, 0.2944444, 4.0144958, -0.303051]
line_type 1
[0.496875, 0.7944444, 4.905365, 0.0]
[0.50625, 0.6722223, 16.6738586, 0.3922831]
[0.540625, 0.55, 37.8693924, 0.7152352]
[0.60625, 0.4722222, 61.5581894, 0.8055207]
[0.675, 0.4444444, 87.8589096, 0.8945912]
[0.74375, 0.4444444, 82.3911057, -0.1623803]
[0.8125, 0.4388889, 70.2393875, -0.4086658]
[0.88125, 0.4222222, 40.7798996, -0.9910644]
[0.921875, 0.35, 12.8430176, -0.9532531]
[0.85625, 0.2944444, 4.0144958, -0.3154675]
line_type 1
[0.496875, 0.7944444, 4.617569, 0.0]
[0.50625, 0.6777778, 15.5778351, 0.3653422]
[0.534375, 0.5611112, 34.9020844, 0.6522604]
[0.596875, 0.4777778, 58.3318939, 0.7954884]
[0.6625, 0.45, 83.490715, 0.8563049]
[0.728125, 0.4444444, 88.8016968, 0.1960617]
[0.79375, 0.4444444, 73.119278, -0.5183904]
[0.859375, 0.4333333, 54.375679, -0.6363065]
[0.925, 0.3944445, 23.2518463, -1.0516013]
[0.884375, 0.3111111, 6.6377869, -0.577171]
line_type 1
[0.496875, 0.7944444, 4.617569, 0.0]
[0.50625, 0.6777778, 15.5778351, 0.3653422]
[0.534375, 0.5611112, 34.9020844, 0.6522604]
[0.596875, 0.4777778, 58.3318939, 0.7954884]
[0.6625, 0.45, 83.490715, 0.8563049]
[0.728125, 0.4444444, 88.8016968, 0.1960617]
[0.79375, 0.4444444, 73.119278, -0.5183904]
[0.859375, 0.4333333, 54.375679, -0.6363065]
[0.925, 0.3944445, 23.2518463, -1.0516013]
[0.884375, 0.3111111, 6.6377869, -0.577171]
line_type 1
[0.496875, 0.7944444, 4.617569, 0.0]
[0.50625, 0.6777778, 15.5778351, 0.3653422]
[0.534375, 0.5611112, 34.9020844, 0.6522604]
[0.596875, 0.4777778, 58.3318939, 0.7954884]
[0.6625, 0.45, 83.490715, 0.8563049]
[0.728125, 0.4444444, 88.8016968, 0.1960617]
[0.79375, 0.4444444, 73.9839935, -0.4895665]
[0.859375, 0.4333333, 52.4129562, -0.7299139]
[0.925, 0.3888889, 22.240509, -1.0219686]
[0.88125, 0.3111111, 6.977005, -0.531494]
line_type 1
[0.496875, 0.7944444, 4.617569, 0.0]
[0.50625, 0.6777778, 15.5778351, 0.3653422]
[0.534375, 0.5611112, 34.9020844, 0.6522604]
[0.596875, 0.4777778, 58.3318939, 0.7954884]
[0.6625, 0.45, 83.490715, 0.8563049]
[0.728125, 0.4444444, 87.6284714, 0.1569542]
[0.79375, 0.4444444, 74.8480377, -0.4225266]
[0.859375, 0.4333333, 53.8667107, -0.7087671]
[0.925, 0.3944445, 23.1946487, -1.0381525]
[0.88125, 0.3166667, 7.1847992, -0.5567318]
line_type 1
[0.496875, 0.7944444, 4.8696671, 0.0]
[0.50625, 0.6777778, 15.4121017, 0.3514145]
[0.534375, 0.5611112, 34.9020844, 0.6574753]
[0.596875, 0.4777778, 58.3318939, 0.7956042]
[0.6625, 0.45, 83.490715, 0.8563075]
[0.728125, 0.4444444, 88.8016968, 0.1960618]
[0.79375, 0.4444444, 73.119278, -0.5183904]
[0.859375, 0.4333333, 54.0557442, -0.646971]
[0.925, 0.3944445, 22.9267273, -1.0520111]
[0.88125, 0.3166667, 7.1847992, -0.5481089]
line_type 1
[0.496875, 0.7944444, 4.617569, 0.0]
[0.50625, 0.6777778, 15.5778351, 0.3653422]
[0.534375, 0.5611112, 34.6647263, 0.6443484]
[0.596875, 0.4777778, 59.480217, 0.8415019]
[0.6625, 0.45, 82.458519, 0.7846435]
[0.728125, 0.4444444, 88.8016968, 0.2288758]
[0.79375, 0.4444444, 73.119278, -0.5176612]
[0.859375, 0.4333333, 54.375679, -0.6362903]
[0.925, 0.3944445, 23.3606415, -1.0479745]
[0.884375, 0.3111111, 6.2645416, -0.5931583]
line_type 1
[0.496875, 0.7944444, 4.617569, 0.0]
[0.50625, 0.6777778, 15.5778351, 0.3653422]
[0.534375, 0.5611112, 34.9020844, 0.6522604]
[0.596875, 0.4777778, 58.3318939, 0.7954884]
[0.6625, 0.45, 83.490715, 0.8563049]
[0.728125, 0.4444444, 88.8016968, 0.1960617]
[0.79375, 0.4444444, 73.9839935, -0.4895665]
[0.859375, 0.4333333, 54.083065, -0.6742436]
[0.925, 0.3944445, 23.0954666, -1.0479032]
[0.88125, 0.3166667, 6.1880569, -0.5868671]
line_type 1
[0.496875, 0.7944444, 4.617569, 0.0]
[0.50625, 0.6777778, 15.5778351, 0.3653422]
[0.534375, 0.5611112, 34.9020844, 0.6522604]
[0.596875, 0.4777778, 58.3318939, 0.7954884]
[0.6625, 0.45, 83.490715, 0.8563049]
[0.728125, 0.4444444, 88.8016968, 0.1960617]
[0.79375, 0.4444444, 73.9839935, -0.4895665]
[0.859375, 0.4333333, 54.083065, -0.6742436]
[0.925, 0.3944445, 22.8681717, -1.0554796]
[0.88125, 0.3111111, 7.3551025, -0.5405574]
line_type 1
[0.496875, 0.7944444, 4.905365, 0.0]
[0.50625, 0.6722223, 16.6738586, 0.3922831]
[0.540625, 0.55, 37.8693924, 0.7152352]
[0.60625, 0.4722222, 61.5581894, 0.8055207]
[0.675, 0.4444444, 87.8589096, 0.8945912]
[0.74375, 0.4444444, 82.3911057, -0.1623803]
[0.8125, 0.4388889, 70.2393875, -0.4086658]
[0.88125, 0.4222222, 40.769249, -0.9914194]
[0.921875, 0.35, 12.4622955, -0.9655967]
[0.85625, 0.2944444, 4.0144958, -0.303051]
line_type 1
[0.496875, 0.7944444, 4.617569, 0.0]
[0.50625, 0.6777778, 15.5778351, 0.3653422]
[0.534375, 0.5611112, 34.9020844, 0.6522604]
[0.596875, 0.4777778, 58.9281769, 0.8153645]
[0.6625, 0.45, 82.458519, 0.802464]
[0.728125, 0.4444444, 88.8016968, 0.2292718]
[0.79375, 0.4444444, 73.9839935, -0.4888285]
[0.859375, 0.4333333, 53.8771935, -0.6810896]
[0.925, 0.3944445, 22.8346481, -1.0498869]
[0.88125, 0.3166667, 7.1847992, -0.5449924]
line_type 1
[0.496875, 0.7944444, 4.617569, 0.0]
[0.50625, 0.6777778, 15.5778351, 0.3653422]
[0.534375, 0.5611112, 34.9020844, 0.6522604]
[0.596875, 0.4777778, 58.9281769, 0.8153645]
[0.6625, 0.45, 82.458519, 0.802464]
[0.728125, 0.4444444, 88.8016968, 0.2292718]
[0.79375, 0.4444444, 73.9839935, -0.4888285]
[0.859375, 0.4333333, 53.8771935, -0.6810896]
[0.925, 0.3944445, 22.8346481, -1.0498869]
[0.88125, 0.3166667, 7.1847992, -0.5449924]
line_type 1
[0.496875, 0.7944444, 4.617569, 0.0]
[0.50625, 0.6777778, 15.5778351, 0.3653422]
[0.534375, 0.5611112, 34.9020844, 0.6522604]
[0.596875, 0.4777778, 58.3318939, 0.7954884]
[0.6625, 0.45, 83.490715, 0.8563049]
[0.728125, 0.4444444, 88.8016968, 0.1960617]
[0.79375, 0.4444444, 73.119278, -0.5183904]
[0.859375, 0.4333333, 54.4832039, -0.6327223]
[0.925, 0.3944445, 23.0064468, -1.0632857]
[0.88125, 0.3111111, 6.179924, -0.5845127]
line_type 1
[0.496875, 0.7944444, 4.617569, 0.0]
[0.50625, 0.6777778, 15.5778351, 0.3653422]
[0.534375, 0.5611112, 34.9020844, 0.6522604]
[0.596875, 0.4777778, 58.3318939, 0.7954884]
[0.6625, 0.45, 83.490715, 0.8563049]
[0.728125, 0.4444444, 90.0, 0.2360052]
[0.79375, 0.4444444, 72.3040161, -0.5846216]
[0.859375, 0.4333333, 54.0557442, -0.6212673]
[0.925, 0.3944445, 23.1263046, -1.0447873]
[0.88125, 0.3111111, 5.7914276, -0.6010468]
line_type 1
[0.496875, 0.7944444, 4.905365, 0.0]
[0.50625, 0.6722223, 16.6738586, 0.3922831]
[0.540625, 0.55, 37.8693924, 0.7152352]
[0.60625, 0.4722222, 61.5581894, 0.8055207]
[0.675, 0.4444444, 87.8589096, 0.8945912]
[0.74375, 0.4444444, 82.3911057, -0.1623803]
[0.8125, 0.4388889, 70.2393875, -0.4086658]
[0.88125, 0.4222222, 40.5909958, -0.9973612]
[0.921875, 0.35, 12.697319, -0.9519528]
[0.85625, 0.2944444, 4.0144958, -0.310582]
line_type 1
[0.496875, 0.7944444, 4.617569, 0.0]
[0.50625, 0.6777778, 15.5778351, 0.3653422]
[0.534375, 0.5611112, 34.9020844, 0.6522604]
[0.596875, 0.4777778, 58.3318939, 0.7954884]
[0.6625, 0.45, 83.490715, 0.8563049]
[0.728125, 0.4444444, 88.8016968, 0.1960617]
[0.79375, 0.4444444, 73.119278, -0.5183904]
[0.859375, 0.4333333, 54.375679, -0.6363065]
[0.925, 0.3944445, 23.3132401, -1.0495548]
[0.88125, 0.3111111, 5.3793564, -0.6211196]
line_type 1
[0.496875, 0.7944444, 4.617569, 0.0]
[0.50625, 0.6777778, 15.5778351, 0.3653422]
[0.534375, 0.5611112, 34.9020844, 0.6522604]
[0.596875, 0.4777778, 58.3318939, 0.7954884]
[0.6625, 0.45, 83.490715, 0.8563049]
[0.728125, 0.4444444, 88.8016968, 0.1960617]
[0.79375, 0.4444444, 73.119278, -0.5183904]
[0.859375, 0.4333333, 54.0557442, -0.646971]
[0.925, 0.3944445, 22.9267273, -1.0520111]
[0.88125, 0.3166667, 7.1847992, -0.5481089]
line_type 1
[0.496875, 0.7944444, 4.617569, 0.0]
[0.50625, 0.6777778, 15.5778351, 0.3653422]
[0.534375, 0.5611112, 34.9020844, 0.6522604]
[0.596875, 0.4777778, 58.3318939, 0.7954884]
[0.6625, 0.45, 83.490715, 0.8563049]
[0.728125, 0.4444444, 88.8016968, 0.1960617]
[0.79375, 0.4444444, 73.119278, -0.5183904]
[0.859375, 0.4333333, 54.0557442, -0.646971]
[0.925, 0.3944445, 22.9267273, -1.0520111]
[0.88125, 0.3166667, 7.1847992, -0.5481089]
line_type 1
[0.496875, 0.7944444, 4.905365, 0.0]
[0.50625, 0.6722223, 16.6738586, 0.3922831]
[0.540625, 0.55, 37.8693924, 0.7152352]
[0.60625, 0.4722222, 61.5581894, 0.8055207]
[0.675, 0.4444444, 87.8589096, 0.8945912]
[0.74375, 0.4444444, 82.3911057, -0.1623803]
[0.8125, 0.4388889, 70.2393875, -0.4086658]
[0.88125, 0.4222222, 40.6794128, -0.9944139]
[0.921875, 0.35, 12.0727997, -0.975652]
[0.853125, 0.2944444, 4.2160339, -0.2835734]
line_type 1
[0.496875, 0.7944444, 4.905365, 0.0]
[0.50625, 0.6722223, 16.4759216, 0.3856852]
[0.540625, 0.55, 38.0169601, 0.7266054]
[0.60625, 0.4722222, 61.5581894, 0.8008544]
[0.675, 0.4444444, 87.8589096, 0.8944875]
[0.74375, 0.4444444, 82.3911057, -0.1623826]
[0.8125, 0.4388889, 70.2393875, -0.4086658]
[0.88125, 0.4222222, 39.6785736, -1.0277753]
[0.91875, 0.35, 11.4787369, -0.9628341]
[0.853125, 0.2944444, 4.2160339, -0.2634864]
line_type 1
[0.496875, 0.7944444, 4.617569, 0.0]
[0.50625, 0.6777778, 15.5778351, 0.3653422]
[0.534375, 0.5611112, 34.9020844, 0.6522604]
[0.596875, 0.4777778, 58.9281769, 0.8153645]
[0.6625, 0.45, 82.458519, 0.802464]
[0.728125, 0.4444444, 88.8016968, 0.2292718]
[0.79375, 0.4444444, 73.119278, -0.5176523]
[0.859375, 0.4333333, 54.0557442, -0.6469545]
[0.925, 0.3944445, 22.9267273, -1.0520107]
[0.88125, 0.3166667, 7.1847992, -0.5481089]
line_type 1
[0.496875, 0.7944444, 4.617569, 0.0]
[0.50625, 0.6777778, 15.5778351, 0.3653422]
[0.534375, 0.5611112, 34.9020844, 0.6522604]
[0.596875, 0.4777778, 58.3318939, 0.7954884]
[0.6625, 0.45, 83.490715, 0.8563049]
[0.728125, 0.4444444, 88.8016968, 0.1960617]
[0.79375, 0.4444444, 73.119278, -0.5183904]
[0.859375, 0.4333333, 54.1583939, -0.6435493]
[0.925, 0.3944445, 23.4813004, -1.036871]
[0.88125, 0.3111111, 5.3793564, -0.6264398]
line_type 1
[0.496875, 0.7944444, 4.905365, 0.0]
[0.50625, 0.6722223, 16.6738586, 0.3922831]
[0.540625, 0.55, 37.8693924, 0.7152352]
[0.60625, 0.4722222, 62.1815186, 0.8262984]
[0.675, 0.4444444, 86.8074188, 0.8392256]
[0.74375, 0.4444444, 83.4067307, -0.0947068]
[0.8125, 0.4388889, 69.5416412, -0.4642743]
[0.88125, 0.4222222, 40.7798996, -0.9690419]
[0.921875, 0.35, 12.3326111, -0.9697773]
[0.853125, 0.2944444, 4.2160339, -0.2921032]
line_type 1
[0.496875, 0.7944444, 4.617569, 0.0]
[0.50625, 0.6777778, 15.5778351, 0.3653422]
[0.534375, 0.5611112, 34.9020844, 0.6522604]
[0.596875, 0.4777778, 58.3318939, 0.7954884]
[0.6625, 0.45, 83.490715, 0.8563049]
[0.728125, 0.4444444, 88.8016968, 0.1960617]
[0.79375, 0.4444444, 73.119278, -0.5183904]
[0.859375, 0.4333333, 54.0557442, -0.646971]
[0.925, 0.3944445, 23.0126877, -1.0491458]
[0.88125, 0.3111111, 6.179924, -0.5844066]
line_type 1
[0.496875, 0.7944444, 4.617569, 0.0]
[0.50625, 0.6777778, 15.5778351, 0.3653422]
[0.534375, 0.5611112, 34.9020844, 0.6522604]
[0.596875, 0.4777778, 58.3318939, 0.7954884]
[0.6625, 0.45, 83.490715, 0.8563049]
[0.728125, 0.4444444, 88.8016968, 0.1960617]
[0.79375, 0.4444444, 73.119278, -0.5183904]
[0.859375, 0.4333333, 52.6670227, -0.6932617]
[0.925, 0.3888889, 22.7330093, -1.0132064]
[0.88125, 0.3111111, 6.4129715, -0.566517]
line_type 1
[0.496875, 0.7944444, 4.905365, 0.0]
[0.50625, 0.6722223, 16.6738586, 0.3922831]
[0.540625, 0.55, 37.8693924, 0.7152352]
[0.60625, 0.4722222, 62.1815186, 0.8262984]
[0.675, 0.4444444, 86.8074188, 0.8392256]
[0.74375, 0.4444444, 82.3911057, -0.128561]
[0.8125, 0.4388889, 70.2393875, -0.4079142]
[0.88125, 0.4222222, 40.8707657, -0.9880189]
[0.921875, 0.35, 12.7259369, -0.960117]
[0.85625, 0.2944444, 4.0144958, -0.3117173]
line_type 1
[0.496875, 0.7944444, 4.905365, 0.0]
[0.50625, 0.6722223, 16.6738586, 0.3922831]
[0.540625, 0.55, 37.8693924, 0.7152352]
[0.60625, 0.4722222, 62.1815186, 0.8262984]
[0.675, 0.4444444, 86.8074188, 0.8392256]
[0.74375, 0.4444444, 82.3911057, -0.128561]
[0.8125, 0.4388889, 70.2393875, -0.4079142]
[0.88125, 0.4222222, 40.8707657, -0.9880189]
[0.921875, 0.35, 12.7259369, -0.960117]
[0.85625, 0.2944444, 4.0144958, -0.3117173]
line_type 1
[0.496875, 0.7944444, 4.617569, 0.0]
[0.50625, 0.6777778, 15.5778351, 0.3653422]
[0.534375, 0.5611112, 34.9020844, 0.6522604]
[0.596875, 0.4777778, 58.3318939, 0.7954884]
[0.6625, 0.45, 83.490715, 0.8563049]
[0.728125, 0.4444444, 90.0, 0.2360052]
[0.79375, 0.4444444, 72.3040161, -0.5846216]
[0.859375, 0.4333333, 54.375679, -0.6106029]
[0.925, 0.3944445, 23.3132401, -1.0489837]
[0.88125, 0.3111111, 5.3793564, -0.6211069]
line_type 1
[0.496875, 0.7944444, 4.905365, 0.0]
[0.50625, 0.6722223, 16.6738586, 0.3922831]
[0.540625, 0.55, 37.6082878, 0.7065318]
[0.60625, 0.4722222, 62.1484604, 0.8337065]
[0.675, 0.4444444, 87.8589096, 0.8755419]
[0.74375, 0.4444444, 83.4067307, -0.1289495]
[0.8125, 0.4388889, 69.5416412, -0.4650352]
[0.88125, 0.4222222, 40.769249, -0.9694139]
[0.921875, 0.35, 12.4622955, -0.9651077]
[0.85625, 0.2944444, 4.0144958, -0.3030402]
line_type 1
[0.496875, 0.7944444, 4.617569, 0.0]
[0.50625, 0.6777778, 15.5778351, 0.3653422]
[0.534375, 0.5611112, 34.9020844, 0.6522604]
[0.596875, 0.4777778, 58.3318939, 0.7954884]
[0.6625, 0.45, 83.490715, 0.8563049]
[0.728125, 0.4444444, 90.0, 0.2360052]
[0.79375, 0.4444444, 72.3040161, -0.5846216]
[0.859375, 0.4333333, 54.1583939, -0.6178457]
[0.925, 0.3944445, 23.7711563, -1.0266379]
[0.884375, 0.3166667, 5.9792786, -0.6158768]
line_type 1
[0.496875, 0.7944444, 4.617569, 0.0]
[0.50625, 0.6777778, 15.5778351, 0.3653422]
[0.534375, 0.5611112, 34.9020844, 0.6522604]
[0.596875, 0.4777778, 58.3318939, 0.7954884]
[0.6625, 0.45, 83.490715, 0.8563049]
[0.728125, 0.4444444, 88.8016968, 0.1960617]
[0.79375, 0.4444444, 73.119278, -0.5183904]
[0.859375, 0.4333333, 52.6670227, -0.6932617]
[0.925, 0.3888889, 22.8495712, -1.009321]
[0.88125, 0.3111111, 5.779541, -0.5914304]
line_type 1
[0.496875, 0.7944444, 4.617569, 0.0]
[0.50625, 0.6777778, 15.5778351, 0.3653422]
[0.534375, 0.5611112, 34.9020844, 0.6522604]
[0.596875, 0.4777778, 58.9281769, 0.8153645]
[0.6625, 0.45, 82.458519, 0.802464]
[0.728125, 0.4444444, 87.6284714, 0.1901643]
[0.79375, 0.4444444, 73.9581299, -0.4514522]
[0.859375, 0.4333333, 54.0557442, -0.6734452]
[0.925, 0.3944445, 22.9267273, -1.0525994]
[0.88125, 0.3166667, 7.1847992, -0.548122]
line_type 1
[0.496875, 0.7944444, 4.905365, 0.0]
[0.50625, 0.6722223, 16.6738586, 0.3922831]
[0.540625, 0.55, 37.8693924, 0.7152352]
[0.60625, 0.4722222, 62.1815186, 0.8262984]
[0.675, 0.4444444, 86.8074188, 0.8392256]
[0.74375, 0.4444444, 82.3911057, -0.128561]
[0.8125, 0.4388889, 70.2393875, -0.4079142]
[0.88125, 0.4222222, 40.6794128, -0.9943973]
[0.921875, 0.35, 12.5809555, -0.958713]
[0.85625, 0.2944444, 4.0144958, -0.3068534]
line_type 1
[0.496875, 0.7944444, 4.617569, 0.0]
[0.50625, 0.6777778, 15.5778351, 0.3653422]
[0.534375, 0.5611112, 34.6647263, 0.6443484]
[0.596875, 0.4777778, 58.8729706, 0.8212603]
[0.6625, 0.45, 83.490715, 0.8388417]
[0.728125, 0.4444444, 90.0, 0.2356171]
[0.79375, 0.4444444, 72.3040161, -0.5846303]
[0.859375, 0.4333333, 54.0628052, -0.6210322]
[0.925, 0.3944445, 22.932457, -1.051479]
[0.88125, 0.3166667, 7.1847992, -0.5482882]
line_type 1
[0.496875, 0.7944444, 4.617569, 0.0]
[0.50625, 0.6777778, 15.5778351, 0.3653422]
[0.534375, 0.5611112, 34.9020844, 0.6522604]
[0.596875, 0.4777778, 58.3318939, 0.7954884]
[0.6625, 0.45, 83.490715, 0.8563049]
[0.728125, 0.4444444, 88.8016968, 0.1960617]
[0.79375, 0.4444444, 73.119278, -0.5183904]
[0.859375, 0.4333333, 52.6670227, -0.6932617]
[0.925, 0.3888889, 22.3612823, -1.0255972]
[0.878125, 0.3111111, 5.2462616, -0.5932918]
line_type 1
[0.496875, 0.7944444, 4.617569, 0.0]
[0.50625, 0.6777778, 15.5778351, 0.3653422]
[0.534375, 0.5611112, 34.9020844, 0.6522604]
[0.596875, 0.4777778, 58.3318939, 0.7954884]
[0.6625, 0.45, 83.490715, 0.8563049]
[0.728125, 0.4444444, 88.8016968, 0.1960617]
[0.79375, 0.4444444, 73.119278, -0.5183904]
[0.859375, 0.4333333, 54.1583939, -0.6435493]
[0.925, 0.3944445, 23.6003418, -1.0329028]
[0.884375, 0.3222222, 7.394516, -0.5631476]
line_type 1
[0.496875, 0.7944444, 4.905365, 0.0]
[0.50625, 0.6722223, 16.6738586, 0.3922831]
[0.540625, 0.55, 37.6082878, 0.7065318]
[0.60625, 0.4722222, 62.1484604, 0.8337065]
[0.675, 0.4444444, 87.8589096, 0.8755419]
[0.74375, 0.4444444, 82.3911057, -0.1628036]
[0.8125, 0.4388889, 71.0078964, -0.3830582]
[0.88125, 0.4222222, 40.795845, -1.0155808]
[0.921875, 0.35, 12.7259369, -0.9582322]
[0.85625, 0.2944444, 4.0144958, -0.3116754]
line_type 1
[0.496875, 0.7944444, 4.905365, 0.0]
[0.50625, 0.6722223, 16.6738586, 0.3922831]
[0.540625, 0.55, 37.8693924, 0.7152352]
[0.60625, 0.4722222, 61.5581894, 0.8055207]
[0.675, 0.4444444, 87.8589096, 0.8945912]
[0.74375, 0.4444444, 82.3911057, -0.1623803]
[0.8125, 0.4388889, 70.2393875, -0.4086658]
[0.88125, 0.4222222, 40.6794128, -0.9944139]
[0.921875, 0.35, 12.5809555, -0.9587134]
[0.85625, 0.2944444, 4.0144958, -0.3068534]
line_type 1
[0.496875, 0.7944444, 4.905365, 0.0]
[0.50625, 0.6722223, 16.6738586, 0.3922831]
[0.540625, 0.55, 37.8693924, 0.7152352]
[0.60625, 0.4722222, 61.5581894, 0.8055207]
[0.675, 0.4444444, 87.8589096, 0.8945912]
[0.74375, 0.4444444, 82.3911057, -0.1623803]
[0.8125, 0.4388889, 70.2393875, -0.4086658]
[0.88125, 0.4222222, 40.8707657, -0.9880355]
[0.921875, 0.35, 12.7259369, -0.9601173]
[0.85625, 0.2944444, 4.0144958, -0.3117173]
line_type 1
[0.496875, 0.7944444, 4.905365, 0.0]
[0.50625, 0.6722223, 16.6738586, 0.3922831]
[0.540625, 0.55, 37.8693924, 0.7152352]
[0.60625, 0.4722222, 61.5581894, 0.8055207]
[0.675, 0.4444444, 87.8589096, 0.8945912]
[0.74375, 0.4444444, 82.3911057, -0.1623803]
[0.8125, 0.4388889, 70.2393875, -0.4086658]
[0.88125, 0.4222222, 40.8707657, -0.9880355]
[0.921875, 0.35, 12.7259369, -0.9601173]
[0.85625, 0.2944444, 4.0144958, -0.3117173]
line_type 1
[0.496875, 0.7944444, 4.905365, 0.0]
[0.50625, 0.6722223, 16.6738586, 0.3922831]
[0.540625, 0.55, 37.8693924, 0.7152352]
[0.60625, 0.4722222, 61.5581894, 0.8055207]
[0.675, 0.4444444, 87.8589096, 0.8945912]
[0.74375, 0.4444444, 82.3911057, -0.1623803]
[0.8125, 0.4388889, 70.2393875, -0.4086658]
[0.88125, 0.4222222, 40.6794128, -0.9944139]
[0.921875, 0.35, 12.5809555, -0.9587134]
[0.85625, 0.2944444, 4.0144958, -0.3068534]
line_type 1
[0.496875, 0.7944444, 4.905365, 0.0]
[0.50625, 0.6722223, 16.4759216, 0.3856852]
[0.540625, 0.55, 38.0169601, 0.7266054]
[0.60625, 0.4722222, 61.5581894, 0.8008544]
[0.675, 0.4444444, 87.8589096, 0.8944875]
[0.74375, 0.4444444, 82.3911057, -0.1623826]
[0.8125, 0.4388889, 70.2393875, -0.4086658]
[0.88125, 0.4222222, 40.8707657, -0.9880355]
[0.921875, 0.35, 11.8961563, -0.9877766]
[0.853125, 0.2944444, 4.6144562, -0.2646739]
line_type 1
[0.496875, 0.7944444, 4.905365, 0.0]
[0.50625, 0.6722223, 16.6738586, 0.3922831]
[0.540625, 0.55, 37.8693924, 0.7152352]
[0.60625, 0.4722222, 61.5581894, 0.8055207]
[0.675, 0.4444444, 87.8589096, 0.8945912]
[0.74375, 0.4444444, 82.3911057, -0.1623803]
[0.8125, 0.4388889, 70.2393875, -0.4086658]
[0.88125, 0.4222222, 40.8707657, -0.9880355]
[0.921875, 0.35, 12.7259369, -0.9601173]
[0.85625, 0.2944444, 4.0144958, -0.3117173]
line_type 1
[0.496875, 0.7944444, 4.617569, 0.0]
[0.50625, 0.6777778, 15.5778351, 0.3653422]
[0.534375, 0.5611112, 34.9020844, 0.6522604]
[0.596875, 0.4777778, 58.3318939, 0.7954884]
[0.6625, 0.45, 83.490715, 0.8563049]
[0.728125, 0.4444444, 88.8016968, 0.1960617]
[0.79375, 0.4444444, 73.119278, -0.5183904]
[0.859375, 0.4333333, 53.7516975, -0.6571058]
[0.925, 0.3944445, 22.9366913, -1.0417693]
[0.88125, 0.3111111, 6.6572113, -0.5657998]
line_type 1
[0.496875, 0.7944444, 4.617569, 0.0]
[0.50625, 0.6777778, 15.5778351, 0.3653422]
[0.534375, 0.5611112, 34.9020844, 0.6522604]
[0.596875, 0.4777778, 58.3318939, 0.7954884]
[0.6625, 0.45, 83.490715, 0.8563049]
[0.728125, 0.4444444, 88.8016968, 0.1960617]
[0.79375, 0.4444444, 73.9839935, -0.4895665]
[0.859375, 0.4333333, 52.4129562, -0.7299139]
[0.925, 0.3888889, 22.7304077, -1.0056387]
[0.88125, 0.3166667, 6.1880569, -0.5737593]
line_type 1
[0.496875, 0.7944444, 4.617569, 0.0]
[0.50625, 0.6777778, 15.5778351, 0.3653422]
[0.534375, 0.5611112, 34.9020844, 0.6522604]
[0.596875, 0.4777778, 58.3318939, 0.7954884]
[0.6625, 0.45, 83.490715, 0.8563049]
[0.728125, 0.4444444, 88.8016968, 0.1960617]
[0.79375, 0.4444444, 73.9839935, -0.4895665]
[0.859375, 0.4333333, 54.1901436, -0.6706743]
[0.925, 0.3944445, 23.3163528, -1.0440303]
[0.884375, 0.3222222, 7.394516, -0.5539286]
line_type 1
[0.496875, 0.7944444, 4.617569, 0.0]
[0.50625, 0.6777778, 15.5778351, 0.3653422]
[0.534375, 0.5611112, 34.9020844, 0.6522604]
[0.596875, 0.4777778, 58.3318939, 0.7954884]
[0.6625, 0.45, 83.490715, 0.8563049]
[0.728125, 0.4444444, 88.8016968, 0.1960617]
[0.79375, 0.4444444, 73.119278, -0.5183904]
[0.859375, 0.4333333, 54.375679, -0.6363065]
[0.925, 0.3944445, 23.0120544, -1.0595944]
[0.88125, 0.3166667, 7.1847992, -0.5511217]
line_type 1
[0.496875, 0.7944444, 4.617569, 0.0]
[0.50625, 0.6777778, 15.5778351, 0.3653422]
[0.534375, 0.5611112, 34.9020844, 0.6522604]
[0.596875, 0.4777778, 58.9281769, 0.8153645]
[0.6625, 0.45, 82.458519, 0.802464]
[0.728125, 0.4444444, 88.8016968, 0.2292718]
[0.79375, 0.4444444, 73.119278, -0.5176523]
[0.859375, 0.4333333, 54.0557442, -0.6469545]
[0.925, 0.3944445, 23.625946, -1.0287033]
[0.884375, 0.3111111, 5.5608215, -0.6250309]
line_type 1
[0.496875, 0.7944444, 4.617569, 0.0]
[0.50625, 0.6777778, 15.5778351, 0.3653422]
[0.534375, 0.5611112, 34.6647263, 0.6443484]
[0.596875, 0.4777778, 58.8729706, 0.8212603]
[0.6625, 0.45, 83.490715, 0.8388417]
[0.728125, 0.4444444, 88.8016968, 0.1956737]
[0.79375, 0.4444444, 73.119278, -0.5183991]
[0.859375, 0.4333333, 54.1625481, -0.643411]
[0.925, 0.3944445, 22.9255371, -1.0555317]
[0.88125, 0.3111111, 6.179924, -0.5816434]
line_type 1
[0.496875, 0.7944444, 4.905365, 0.0]
[0.50625, 0.6722223, 16.6738586, 0.3922831]
[0.540625, 0.55, 37.8693924, 0.7152352]
[0.60625, 0.4722222, 61.5581894, 0.8055207]
[0.675, 0.4444444, 87.8589096, 0.8945912]
[0.74375, 0.4444444, 82.3911057, -0.1623803]
[0.8125, 0.4388889, 70.2393875, -0.4086658]
[0.88125, 0.4222222, 40.6794128, -0.9944139]
[0.921875, 0.35, 13.1110001, -0.9410452]
[0.859375, 0.2944444, 5.1254578, -0.2870969]
line_type 1
[0.496875, 0.7944444, 4.617569, 0.0]
[0.50625, 0.6777778, 15.5778351, 0.3653422]
[0.534375, 0.5611112, 34.9020844, 0.6522604]
[0.596875, 0.4777778, 58.9281769, 0.8153645]
[0.6625, 0.45, 82.458519, 0.802464]
[0.728125, 0.4444444, 88.8016968, 0.2292718]
[0.79375, 0.4444444, 73.119278, -0.5176523]
[0.859375, 0.4333333, 54.4832039, -0.6327059]
[0.925, 0.3944445, 22.9207916, -1.0661407]
[0.88125, 0.3166667, 7.1847992, -0.5482252]
line_type 1
[0.496875, 0.7944444, 4.905365, 0.0]
[0.50625, 0.6722223, 16.6738586, 0.3922831]
[0.540625, 0.55, 37.6082878, 0.7065318]
[0.60625, 0.4722222, 62.1484604, 0.8337065]
[0.675, 0.4444444, 87.8589096, 0.8755419]
[0.74375, 0.4444444, 82.3911057, -0.1628036]
[0.8125, 0.4388889, 70.2393875, -0.4086752]
[0.88125, 0.4222222, 40.7798996, -0.9910646]
[0.921875, 0.35, 12.8430176, -0.9532531]
[0.85625, 0.2944444, 4.0144958, -0.3154675]
line_type 1
[0.496875, 0.7944444, 4.617569, 0.0]
[0.50625, 0.6777778, 15.5778351, 0.3653422]
[0.534375, 0.5611112, 34.9020844, 0.6522604]
[0.596875, 0.4777778, 58.3318939, 0.7954884]
[0.6625, 0.45, 83.490715, 0.8563049]
[0.728125, 0.4444444, 88.8016968, 0.1960617]
[0.79375, 0.4444444, 73.119278, -0.5183904]
[0.859375, 0.4333333, 54.0557442, -0.646971]
[0.925, 0.3944445, 22.9267273, -1.0520111]
[0.88125, 0.3166667, 7.1847992, -0.5481089]
line_type 1
[0.496875, 0.7944444, 4.617569, 0.0]
[0.50625, 0.6777778, 15.5778351, 0.3653422]
[0.534375, 0.5611112, 34.9020844, 0.6522604]
[0.596875, 0.4777778, 58.3318939, 0.7954884]
[0.6625, 0.45, 83.490715, 0.8563049]
[0.728125, 0.4444444, 88.8016968, 0.1960617]
[0.79375, 0.4444444, 73.119278, -0.5183904]
[0.859375, 0.4333333, 54.0557442, -0.646971]
[0.925, 0.3944445, 23.2369003, -1.041672]
[0.88125, 0.3111111, 5.3793564, -0.6183998]
line_type 1
[0.496875, 0.7944444, 4.905365, 0.0]
[0.50625, 0.6722223, 16.6738586, 0.3922831]
[0.540625, 0.55, 37.8693924, 0.7152352]
[0.60625, 0.4722222, 61.5581894, 0.8055207]
[0.675, 0.4444444, 87.8589096, 0.8945912]
[0.74375, 0.4444444, 82.3911057, -0.1623803]
[0.8125, 0.4388889, 70.2393875, -0.4086658]
[0.88125, 0.4222222, 40.8707657, -0.9880355]
[0.921875, 0.35, 12.5429382, -0.9662173]
[0.853125, 0.2944444, 3.7800751, -0.313567]
line_type 1
[0.496875, 0.7944444, 4.905365, 0.0]
[0.50625, 0.6722223, 16.6738586, 0.3922831]
[0.540625, 0.55, 37.8693924, 0.7152352]
[0.60625, 0.4722222, 61.5581894, 0.8055207]
[0.675, 0.4444444, 87.8589096, 0.8945912]
[0.74375, 0.4444444, 82.3911057, -0.1623803]
[0.8125, 0.4388889, 70.2393875, -0.4086658]
[0.88125, 0.4222222, 40.769249, -0.9914194]
[0.921875, 0.35, 12.4622955, -0.9655967]
[0.85625, 0.2944444, 4.0144958, -0.303051]
line_type 1
[0.496875, 0.7944444, 4.617569, 0.0]
[0.50625, 0.6777778, 15.5778351, 0.3653422]
[0.534375, 0.5611112, 34.9020844, 0.6522604]
[0.596875, 0.4777778, 58.3318939, 0.7954884]
[0.6625, 0.45, 83.490715, 0.8563049]
[0.728125, 0.4444444, 88.8016968, 0.1960617]
[0.79375, 0.4444444, 73.119278, -0.5183904]
[0.859375, 0.4333333, 54.4832039, -0.6327223]
[0.925, 0.3944445, 22.9207916, -1.0661409]
[0.88125, 0.3166667, 7.1847992, -0.5482252]
line_type 1
[0.496875, 0.7944444, 4.617569, 0.0]
[0.50625, 0.6777778, 15.5778351, 0.3653422]
[0.534375, 0.5611112, 34.9020844, 0.6522604]
[0.596875, 0.4777778, 58.9281769, 0.8153645]
[0.6625, 0.45, 82.458519, 0.802464]
[0.728125, 0.4444444, 88.8016968, 0.2292718]
[0.79375, 0.4444444, 73.119278, -0.5176523]
[0.859375, 0.4333333, 54.375679, -0.63629]
[0.925, 0.3944445, 23.2045441, -1.0531777]
[0.88125, 0.3111111, 5.779541, -0.6042374]
line_type 1
[0.496875, 0.7944444, 4.905365, 0.0]
[0.50625, 0.6722223, 16.6738586, 0.3922831]
[0.540625, 0.55, 37.6082878, 0.7065318]
[0.60625, 0.4722222, 62.7833481, 0.8548694]
[0.675, 0.4444444, 86.8074188, 0.8197995]
[0.74375, 0.4444444, 82.3911057, -0.1289927]
[0.8125, 0.4388889, 70.2393875, -0.4079238]
[0.88125, 0.4222222, 40.7798996, -0.991048]
[0.921875, 0.35, 12.8430176, -0.9532528]
[0.85625, 0.2944444, 4.0144958, -0.3154675]
line_type 1
[0.496875, 0.7944444, 4.905365, 0.0]
[0.50625, 0.6722223, 16.6738586, 0.3922831]
[0.540625, 0.55, 37.8693924, 0.7152352]
[0.60625, 0.4722222, 61.5581894, 0.8055207]
[0.675, 0.4444444, 87.8589096, 0.8945912]
[0.74375, 0.4444444, 82.3911057, -0.1623803]
[0.8125, 0.4388889, 70.2393875, -0.4086658]
[0.88125, 0.4222222, 40.8707657, -0.9880355]
[0.921875, 0.35, 12.7259369, -0.9601173]
[0.85625, 0.2944444, 4.0144958, -0.3117173]
line_type 1
[0.496875, 0.7944444, 4.617569, 0.0]
[0.50625, 0.6777778, 15.5778351, 0.3653422]
[0.534375, 0.5611112, 34.9020844, 0.6522604]
[0.596875, 0.4777778, 58.3318939, 0.7954884]
[0.6625, 0.45, 83.490715, 0.8563049]
[0.728125, 0.4444444, 87.6284714, 0.1569542]
[0.79375, 0.4444444, 73.9581299, -0.4521903]
[0.859375, 0.4333333, 54.0557442, -0.6734616]
[0.925, 0.3944445, 22.9267273, -1.0525997]
[0.88125, 0.3166667, 7.1847992, -0.548122]
line_type 1
[0.496875, 0.7944444, 4.617569, 0.0]
[0.50625, 0.6777778, 15.5778351, 0.3653422]
[0.534375, 0.5611112, 34.9020844, 0.6522604]
[0.596875, 0.4777778, 58.3318939, 0.7954884]
[0.6625, 0.45, 83.490715, 0.8563049]
[0.728125, 0.4444444, 88.8016968, 0.1960617]
[0.79375, 0.4444444, 73.119278, -0.5183904]
[0.859375, 0.4333333, 53.8469124, -0.653932]
[0.925, 0.3944445, 23.1166229, -1.0388749]
[0.88125, 0.3166667, 7.6429672, -0.5388747]
line_type 1
[0.496875, 0.7944444, 4.617569, 0.0]
[0.50625, 0.6777778, 15.5778351, 0.3653422]
[0.534375, 0.5611112, 34.9020844, 0.6522604]
[0.596875, 0.4777778, 58.3318939, 0.7954884]
[0.6625, 0.45, 83.490715, 0.8563049]
[0.728125, 0.4444444, 88.8016968, 0.1960617]
[0.79375, 0.4444444, 73.119278, -0.5183904]
[0.859375, 0.4333333, 54.375679, -0.6363065]
[0.925, 0.3944445, 23.8150482, -1.032828]
[0.884375, 0.3111111, 5.4123154, -0.6363762]
line_type 1
[0.496875, 0.7944444, 4.617569, 0.0]
[0.50625, 0.6777778, 15.5778351, 0.3653422]
[0.534375, 0.5611112, 34.9020844, 0.6522604]
[0.596875, 0.4777778, 58.3318939, 0.7954884]
[0.6625, 0.45, 83.490715, 0.8563049]
[0.728125, 0.4444444, 88.8016968, 0.1960617]
[0.79375, 0.4444444, 73.119278, -0.5183904]
[0.859375, 0.4333333, 52.6670227, -0.6932617]
[0.925, 0.3888889, 22.3612823, -1.0255972]
[0.878125, 0.3111111, 5.2462616, -0.5932918]
line_type 1
[0.496875, 0.7944444, 4.905365, 0.0]
[0.50625, 0.6722223, 16.6738586, 0.3922831]
[0.540625, 0.55, 37.6082878, 0.7065318]
[0.60625, 0.4722222, 62.1484604, 0.8337065]
[0.675, 0.4444444, 87.8589096, 0.8755419]
[0.74375, 0.4444444, 82.3911057, -0.1628036]
[0.8125, 0.4388889, 70.2393875, -0.4086752]
[0.88125, 0.4222222, 40.7798996, -0.9910646]
[0.921875, 0.35, 12.5210876, -0.9639841]
[0.85625, 0.2944444, 4.4047012, -0.2919681]
line_type 1
[0.496875, 0.7944444, 4.905365, 0.0]
[0.50625, 0.6722223, 16.6738586, 0.3922831]
[0.540625, 0.55, 37.6082878, 0.7065318]
[0.60625, 0.4722222, 62.1484604, 0.8337065]
[0.675, 0.4444444, 87.8589096, 0.8755419]
[0.74375, 0.4444444, 82.3911057, -0.1628036]
[0.8125, 0.4388889, 70.2393875, -0.4086752]
[0.88125, 0.4222222, 40.7798996, -0.9910646]
[0.921875, 0.35, 12.5210876, -0.9639841]
[0.85625, 0.2944444, 4.4047012, -0.2919681]
line_type 1
[0.496875, 0.7944444, 4.617569, 0.0]
[0.50625, 0.6777778, 15.5778351, 0.3653422]
[0.534375, 0.5611112, 34.9020844, 0.6522604]
[0.596875, 0.4777778, 58.3318939, 0.7954884]
[0.6625, 0.45, 83.490715, 0.8563049]
[0.728125, 0.4444444, 88.8016968, 0.1960617]
[0.79375, 0.4444444, 73.119278, -0.5183904]
[0.859375, 0.4333333, 54.0557442, -0.646971]
[0.925, 0.3944445, 22.9267273, -1.0520111]
[0.88125, 0.3166667, 7.1847992, -0.5481089]
line_type 1
[0.496875, 0.7944444, 4.617569, 0.0]
[0.50625, 0.6777778, 15.5778351, 0.3653422]
[0.534375, 0.5611112, 34.9020844, 0.6522604]
[0.596875, 0.4777778, 58.3318939, 0.7954884]
[0.6625, 0.45, 83.490715, 0.8563049]
[0.728125, 0.4444444, 88.8016968, 0.1960617]
[0.79375, 0.4444444, 73.119278, -0.5183904]
[0.859375, 0.4333333, 54.0557442, -0.646971]
[0.925, 0.3944445, 23.632225, -1.0284945]
[0.884375, 0.3111111, 5.8210068, -0.6165627]
line_type 1
[0.496875, 0.7944444, 4.905365, 0.0]
[0.50625, 0.6722223, 16.6738586, 0.3922831]
[0.540625, 0.55, 37.8693924, 0.7152352]
[0.60625, 0.4722222, 61.5581894, 0.8055207]
[0.675, 0.4444444, 87.8589096, 0.8945912]
[0.74375, 0.4444444, 82.3911057, -0.1623803]
[0.8125, 0.4388889, 70.2393875, -0.4086658]
[0.88125, 0.4222222, 40.6794128, -0.9944139]
[0.921875, 0.35, 12.0727997, -0.975652]
[0.853125, 0.2944444, 4.2160339, -0.2835734]
line_type 1
[0.496875, 0.7944444, 4.617569, 0.0]
[0.50625, 0.6777778, 15.5778351, 0.3653422]
[0.534375, 0.5611112, 34.9020844, 0.6522604]
[0.596875, 0.4777778, 58.3318939, 0.7954884]
[0.6625, 0.45, 83.490715, 0.8563049]
[0.728125, 0.4444444, 88.8016968, 0.1960617]
[0.79375, 0.4444444, 73.119278, -0.5183904]
[0.859375, 0.4333333, 54.0557442, -0.646971]
[0.925, 0.3944445, 23.2369003, -1.041672]
[0.88125, 0.3111111, 5.3793564, -0.6183998]
line_type 1
[0.496875, 0.7944444, 4.905365, 0.0]
[0.50625, 0.6722223, 16.6738586, 0.3922831]
[0.540625, 0.55, 37.8693924, 0.7152352]
[0.60625, 0.4722222, 62.1815186, 0.8262984]
[0.675, 0.4444444, 86.8074188, 0.8392256]
[0.74375, 0.4444444, 82.3911057, -0.128561]
[0.8125, 0.4388889, 70.2393875, -0.4079142]
[0.88125, 0.4222222, 40.6794128, -0.9943973]
[0.921875, 0.35, 12.5809555, -0.958713]
[0.85625, 0.2944444, 4.0144958, -0.3068534]
line_type 1
[0.496875, 0.7944444, 4.905365, 0.0]
[0.50625, 0.6722223, 16.6738586, 0.3922831]
[0.540625, 0.55, 37.6082878, 0.7065318]
[0.60625, 0.4722222, 62.1484604, 0.8337065]
[0.675, 0.4444444, 87.8589096, 0.8755419]
[0.74375, 0.4444444, 82.3911057, -0.1628036]
[0.8125, 0.4388889, 70.2393875, -0.4086752]
[0.88125, 0.4222222, 40.8707657, -0.9880357]
[0.921875, 0.35, 12.7259369, -0.9601173]
[0.85625, 0.2944444, 4.0144958, -0.3117173]
line_type 1
[0.496875, 0.7944444, 4.905365, 0.0]
[0.50625, 0.6722223, 16.6738586, 0.3922831]
[0.540625, 0.55, 37.8693924, 0.7152352]
[0.60625, 0.4722222, 61.5581894, 0.8055207]
[0.675, 0.4444444, 87.8589096, 0.8945912]
[0.74375, 0.4444444, 83.4067307, -0.1285262]
[0.8125, 0.4388889, 69.5416412, -0.4650258]
[0.88125, 0.4222222, 40.8707657, -0.9660298]
[0.921875, 0.35, 12.2190094, -0.976526]
[0.853125, 0.2944444, 4.2160339, -0.2884664]
line_type 1
[0.496875, 0.7944444, 4.905365, 0.0]
[0.50625, 0.6722223, 16.6738586, 0.3922831]
[0.540625, 0.55, 37.8693924, 0.7152352]
[0.60625, 0.4722222, 61.5581894, 0.8055207]
[0.675, 0.4444444, 87.8589096, 0.8945912]
[0.74375, 0.4444444, 83.4067307, -0.1285262]
[0.8125, 0.4388889, 69.5416412, -0.4650258]
[0.88125, 0.4222222, 40.8707657, -0.9660298]
[0.921875, 0.35, 12.2190094, -0.976526]
[0.853125, 0.2944444, 4.2160339, -0.2884664]
line_type 1
[0.496875, 0.7944444, 4.617569, 0.0]
[0.50625, 0.6777778, 15.5778351, 0.3653422]
[0.534375, 0.5611112, 34.9020844, 0.6522604]
[0.596875, 0.4777778, 58.9281769, 0.8153645]
[0.6625, 0.45, 82.458519, 0.802464]
[0.728125, 0.4444444, 88.8016968, 0.2292718]
[0.79375, 0.4444444, 73.119278, -0.5176523]
[0.859375, 0.4333333, 54.375679, -0.63629]
[0.925, 0.3944445, 23.3606415, -1.0479745]
[0.884375, 0.3111111, 6.2645416, -0.5931583]
line_type 1
[0.496875, 0.7944444, 4.617569, 0.0]
[0.50625, 0.6777778, 15.5778351, 0.3653422]
[0.534375, 0.5611112, 34.9020844, 0.6522604]
[0.596875, 0.4777778, 58.3318939, 0.7954884]
[0.6625, 0.45, 83.490715, 0.8563049]
[0.728125, 0.4444444, 88.8016968, 0.1960617]
[0.79375, 0.4444444, 73.119278, -0.5183904]
[0.859375, 0.4333333, 54.375679, -0.6363065]
[0.925, 0.3944445, 23.3606415, -1.0479748]
[0.884375, 0.3111111, 6.2645416, -0.5931583]
line_type 1
[0.496875, 0.7944444, 4.617569, 0.0]
[0.50625, 0.6777778, 15.5778351, 0.3653422]
[0.534375, 0.5611112, 34.9020844, 0.6522604]
[0.596875, 0.4777778, 58.3318939, 0.7954884]
[0.6625, 0.45, 83.490715, 0.8563049]
[0.728125, 0.4444444, 88.8016968, 0.1960617]
[0.79375, 0.4444444, 73.119278, -0.5183904]
[0.859375, 0.4333333, 54.1583939, -0.6435493]
[0.925, 0.3944445, 22.8139648, -1.0591154]
[0.88125, 0.3166667, 7.6124954, -0.5302516]
line_type 1
[0.496875, 0.7944444, 4.617569, 0.0]
[0.50625, 0.6777778, 15.5778351, 0.3653422]
[0.534375, 0.5611112, 34.6647263, 0.6443484]
[0.596875, 0.4777778, 58.8729706, 0.8212603]
[0.6625, 0.45, 83.490715, 0.8388417]
[0.728125, 0.4444444, 88.8016968, 0.1956737]
[0.79375, 0.4444444, 73.119278, -0.5183991]
[0.859375, 0.4333333, 54.1625481, -0.643411]
[0.925, 0.3944445, 23.4278641, -1.0387875]
[0.884375, 0.3166667, 5.9792786, -0.6047037]
line_type 1
[0.496875, 0.7944444, 4.617569, 0.0]
[0.50625, 0.6777778, 15.5778351, 0.3653422]
[0.534375, 0.5611112, 34.9020844, 0.6522604]
[0.596875, 0.4777778, 58.9281769, 0.8153645]
[0.6625, 0.45, 82.458519, 0.802464]
[0.728125, 0.4444444, 88.8016968, 0.2292718]
[0.79375, 0.4444444, 73.119278, -0.5176523]
[0.859375, 0.4333333, 52.6670227, -0.6932452]
[0.925, 0.3888889, 22.3612823, -1.0255969]
[0.878125, 0.3111111, 5.2462616, -0.5932917]
line_type 1
[0.496875, 0.7944444, 4.617569, 0.0]
[0.50625, 0.6777778, 15.5778351, 0.3653422]
[0.534375, 0.5611112, 34.9020844, 0.6522604]
[0.596875, 0.4777778, 58.9281769, 0.8153645]
[0.6625, 0.45, 82.458519, 0.802464]
[0.728125, 0.4444444, 90.0, 0.2692153]
[0.79375, 0.4444444, 72.3040161, -0.5838836]
[0.859375, 0.4333333, 54.0557442, -0.6212509]
[0.925, 0.3944445, 22.6631699, -1.0602248]
[0.88125, 0.3166667, 7.280159, -0.5363276]
line_type 1
[0.496875, 0.7944444, 4.905365, 0.0]
[0.50625, 0.6722223, 16.6738586, 0.3922831]
[0.540625, 0.55, 37.8693924, 0.7152352]
[0.60625, 0.4722222, 61.5581894, 0.8055207]
[0.675, 0.4444444, 87.8589096, 0.8945912]
[0.74375, 0.4444444, 82.3911057, -0.1623803]
[0.8125, 0.4388889, 70.2393875, -0.4086658]
[0.88125, 0.4222222, 40.8707657, -0.9880355]
[0.921875, 0.35, 12.2190094, -0.977015]
[0.853125, 0.2944444, 4.2160339, -0.2884773]
line_type 1
[0.496875, 0.7944444, 4.617569, 0.0]
[0.50625, 0.6777778, 15.5778351, 0.3653422]
[0.534375, 0.5611112, 34.9020844, 0.6522604]
[0.596875, 0.4777778, 58.3318939, 0.7954884]
[0.6625, 0.45, 83.490715, 0.8563049]
[0.728125, 0.4444444, 88.8016968, 0.1960617]
[0.79375, 0.4444444, 73.119278, -0.5183904]
[0.859375, 0.4333333, 54.4832039, -0.6327223]
[0.925, 0.3944445, 22.8026276, -1.0700797]
[0.88125, 0.3166667, 7.5347595, -0.5327085]
line_type 1
[0.496875, 0.7944444, 4.617569, 0.0]
[0.50625, 0.6777778, 15.5778351, 0.3653422]
[0.534375, 0.5611112, 34.6647263, 0.6443484]
[0.596875, 0.4777778, 58.8729706, 0.8212603]
[0.6625, 0.45, 83.490715, 0.8388417]
[0.728125, 0.4444444, 88.8016968, 0.1956737]
[0.79375, 0.4444444, 73.119278, -0.5183991]
[0.859375, 0.4333333, 52.6670227, -0.6932619]
[0.925, 0.3888889, 22.3588867, -1.0256772]
[0.878125, 0.3111111, 5.2233734, -0.5939766]
line_type 1
[0.496875, 0.7944444, 4.617569, 0.0]
[0.50625, 0.6777778, 15.5778351, 0.3653422]
[0.534375, 0.5611112, 34.9020844, 0.6522604]
[0.596875, 0.4777778, 58.3318939, 0.7954884]
[0.6625, 0.45, 83.490715, 0.8563049]
[0.728125, 0.4444444, 88.8016968, 0.1960617]
[0.79375, 0.4444444, 73.9839935, -0.4895665]
[0.859375, 0.4333333, 53.7708473, -0.6846508]
[0.925, 0.3944445, 23.2369003, -1.0330129]
[0.88125, 0.3111111, 5.3793564, -0.6182073]
line_type 1
[0.496875, 0.7944444, 4.617569, 0.0]
[0.50625, 0.6777778, 15.5778351, 0.3653422]
[0.534375, 0.5611112, 34.9020844, 0.6522604]
[0.596875, 0.4777778, 58.3318939, 0.7954884]
[0.6625, 0.45, 83.490715, 0.8563049]
[0.728125, 0.4444444, 88.8016968, 0.1960617]
[0.79375, 0.4444444, 73.119278, -0.5183904]
[0.859375, 0.4333333, 54.0557442, -0.646971]
[0.925, 0.3944445, 22.9267273, -1.0520111]
[0.88125, 0.3166667, 7.1847992, -0.5481089]
line_type 1
[0.496875, 0.7944444, 4.905365, 0.0]
[0.50625, 0.6722223, 16.6738586, 0.3922831]
[0.540625, 0.55, 37.6082878, 0.7065318]
[0.60625, 0.4722222, 62.1484604, 0.8337065]
[0.675, 0.4444444, 87.8589096, 0.8755419]
[0.74375, 0.4444444, 82.3911057, -0.1628036]
[0.8125, 0.4388889, 70.2393875, -0.4086752]
[0.88125, 0.4222222, 40.7798996, -0.9910646]
[0.921875, 0.35, 12.3326111, -0.9702666]
[0.853125, 0.2944444, 4.2160339, -0.2921141]
line_type 1
[0.496875, 0.7944444, 4.905365, 0.0]
[0.50625, 0.6722223, 16.6738586, 0.3922831]
[0.540625, 0.55, 37.6082878, 0.7065318]
[0.60625, 0.4722222, 62.1484604, 0.8337065]
[0.675, 0.4444444, 87.8589096, 0.8755419]
[0.74375, 0.4444444, 82.3911057, -0.1628036]
[0.8125, 0.4388889, 70.2393875, -0.4086752]
[0.88125, 0.4222222, 40.7798996, -0.9910646]
[0.921875, 0.35, 12.3326111, -0.9702666]
[0.853125, 0.2944444, 4.2160339, -0.2921141]
line_type 1
[0.496875, 0.7944444, 4.617569, 0.0]
[0.50625, 0.6777778, 15.5778351, 0.3653422]
[0.534375, 0.5611112, 34.6647263, 0.6443484]
[0.596875, 0.4777778, 59.480217, 0.8415019]
[0.6625, 0.45, 82.458519, 0.7846435]
[0.728125, 0.4444444, 88.8016968, 0.2288758]
[0.79375, 0.4444444, 73.9839935, -0.4888374]
[0.859375, 0.4333333, 54.083065, -0.6742274]
[0.925, 0.3944445, 23.3132401, -1.0406437]
[0.88125, 0.3111111, 5.3793564, -0.6209216]
line_type 1
[0.496875, 0.7944444, 4.617569, 0.0]
[0.50625, 0.6777778, 15.5778351, 0.3653422]
[0.534375, 0.5611112, 34.9020844, 0.6522604]
[0.596875, 0.4777778, 58.3318939, 0.7954884]
[0.6625, 0.45, 83.490715, 0.8563049]
[0.728125, 0.4444444, 90.0, 0.2360052]
[0.79375, 0.4444444, 72.3040161, -0.5846216]
[0.859375, 0.4333333, 54.1625481, -0.6177072]
[0.925, 0.3944445, 23.191452, -1.0460968]
[0.884375, 0.3111111, 6.2645416, -0.587477]
line_type 1
[0.496875, 0.7944444, 4.617569, 0.0]
[0.50625, 0.6777778, 15.5778351, 0.3653422]
[0.534375, 0.5611112, 34.9020844, 0.6522604]
[0.596875, 0.4777778, 58.3318939, 0.7954884]
[0.6625, 0.45, 83.490715, 0.8563049]
[0.728125, 0.4444444, 90.0, 0.2360052]
[0.79375, 0.4444444, 72.3040161, -0.5846216]
[0.859375, 0.4333333, 54.0557442, -0.6212673]
[0.925, 0.3944445, 22.9267273, -1.0514399]
[0.88125, 0.3166667, 7.1847992, -0.5480963]
line_type 1
[0.496875, 0.7944444, 4.617569, 0.0]
[0.50625, 0.6777778, 15.5778351, 0.3653422]
[0.534375, 0.5611112, 34.9020844, 0.6522604]
[0.596875, 0.4777778, 58.3318939, 0.7954884]
[0.6625, 0.45, 83.490715, 0.8563049]
[0.728125, 0.4444444, 90.0, 0.2360052]
[0.79375, 0.4444444, 72.3040161, -0.5846216]
[0.859375, 0.4333333, 54.0557442, -0.6212673]
[0.925, 0.3944445, 23.1263351, -1.0447862]
[0.88125, 0.3111111, 5.779541, -0.601444]
